0.207143 -1.48177 0
-0.366484 -1.48177 0
-0.987913 -1.46325 0
-1.70495 -1.57438 0
-2.03956 -2.13005 0
-2.31044 -2.61162 0
-2.18297 -2.94502 0
-2.13517 -3.11172 0
-1.99176 -3.68591 0
-2.07143 -3.5933 0
-2.23077 -3.50069 0
-2.40605 -3.70443 0
-2.66099 -4.31566 0
-2.96374 -4.79724 0
-3.13902 -4.90837 0
-3.44176 -5.16768 0
-3.95165 -6.31605 0
-4.12693 -7.2792 0
-4.36594 -8.09418 0
-4.89177 -8.48314 0
-5.67254 -8.85359 0
-6.53298 -9.68708 0
-7.44122 -11.5208 0
-8.25386 -12.521 0
-8.98683 -13.2063 0
-9.41705 -13.6693 0
-9.17803 -14.2991 0
-9.09836 -14.5028 0
-9.19397 -14.4658 0
-9.19397 -14.2806 0
-9.24177 -15.1326 0
-8.90716 -16.5773 0
-8.55661 -18.2073 0
